262144000S,0C
2787884 53
776480 1
20301 1
39187 1
10992 1
165135 1
645439 1
2099063 1
2099047 1
2099049 1
55340 1
66201 1
43264 1
5915 1
16945 1
40946 1
54473 1
55032 1
55008 1
17049 1
20293 1
22311 1
56351 1
25262 1
3823 1
44846 1
12431 1
85074 1
18148 1
16458 1
26090 1
73791 1
55871 1
14369 1
13136 1
3761 1
54505 1
54694 1
54643 1
54221 1
75351 1
56423 1
13055 1
18892 1
19129 1
64664 1
50284 1
54898 1
54789 1
54505 1
54736 1
54926 1
66112 1
29687 1
2622 1
73225 1
14584 1
23263 1
15965 1
22682 1
56578 1
25409 1
58439 1
8194 1
7772 1
10001 1
1495812 1
1565505 1
821337 1
24477 1
12916 1
579409 1
3688 1
-3688 -1
821543 1
1389218 1
3460 1
4769 1
17541 1
1390387 1
15783 1
91792 1
35533 1
25494 1
10389 1
-29687 -1
2989 1
19017 1
64471 1
55820 1
76356 1
56175 1
13196 1
3000 1
560476 1
8407 1
8407 1
11708 1
11149 1
12389 1
54970 1
56569 1
9670 1
38296 1
27166 1
26678 1
56315 1
13095 1
23085 1
19138 1
31724 1
164534 1
20180 1
24082 1
27408 1
16457 1
26865 1
240832 1
55834 1
66915 1
32094 1
334257 1
10944 1
54605 1
56230 1
16571 1
3033 1
61605 1
15370 1
56334 1
26438 1
-26438 -1
46452 1
42873 1
604364 1
64302 1
20273 1
78519 1
3093 1
5095 1
4358 1
6161 1
9283 1
2552 1
261169 1
262328 1
44386 1
48612 1
65634 1
20036 1
-20036 -1
53293 1
-22311 -1
12404 1
12450 1
3469 1
-54473 -1
438643 1
55587 1
16378 1
28450 1
20366 1
84688 1
240435 1
7743 1
100295 1
101921 1
11087 1
31549 1
2562 1
1435717 1
1436923 1
19592 1
15295 1
63626 1
40196 1
17439 1
2816 1
10755 1
16380 1
54488 1
73290 1
28355 1
1451808 1
10144 1
28366 1
2692 1
25940 1
23594 1
23037 1
73241 1
1693914 1
23059 1
17430 1
22773 1
63975 1
54995 1
17412 1
53509 1
27361 1
2750 1
384604 1
2994 1
135429 1
28572 1
83454 1
56348 1
23396 1
9800 1
52764 1
11032 1
54582 1
15318 1
55608 1
20604 1
19123 1
28470 1
596428 1
52281 1
8387 1
34947 1
34327 1
10992 1
9528 1
65604 1
13109 1
15791 1
5932 1
56228 1
823196 1
27335 1
2953 1
73002 1
12172 1
54874 1
865901 1
2814 1
55575 1
