262144000S,0C
9113 1
9454 1
-18567 -2
8564 1
-8564 -1
10037 1
-10037 -1
39936 1
-39936 -1
5660 1
51130 1
-56790 -2
54504 1
-54504 -1
54693 1
-54693 -1
54642 1
54220 1
36678 1
75350 1
56422 1
-277312 -5
74696 1
-74696 -1
7518 1
-7518 -1
11502 1
-11502 -1
15409 1
-15409 -1
19204 1
-19204 -1
5723 1
-5723 -1
9528 1
-9528 -1
4270 1
-4270 -1
64663 1
-64663 -1
68619 1
-68619 -1
828580 1
-828580 -1
58816 1
-58816 -1
34735 1
-34735 -1
12497 1
-12497 -1
54897 1
-54897 -1
54788 1
54504 1
54735 1
-164027 -3
2035955 1
-2035955 -1
7493 1
54925 1
66111 1
7329 1
-135858 -4
67594 1
-67594 -1
2475 1
107100 1
37045 1
-146620 -3
59264 1
-59264 -1
15706 1
-15706 -1
11977 1
-11977 -1
13833 1
-13833 -1
19229 1
-19229 -1
2896 1
-2896 -1
15964 1
-15964 -1
6622 1
-6622 -1
8382 1
56577 1
2395 1
-67354 -3
12197 1
-12197 -1
12190 1
-12190 -1
8722352 1
-8722352 -1
1035426 1
-1035426 -1
133130 1
-133130 -1
3493 1
-3493 -1
405043 1
-405043 -1
39913 1
-39913 -1
12146 1
-12146 -1
6539 1
-6539 -1
35702 1
11151 1
10401 1
8601 1
6331 1
-72186 -5
15213 1
-15213 -1
46024 1
-46024 -1
1746745 1
-1746745 -1
5968 1
-5968 -1
72485 1
-72485 -1
2196615 1
-2196615 -1
12712 1
38945 1
38945 1
-90602 -3
9491 1
-9491 -1
17540 1
-17540 -1
12629 1
-12629 -1
8836 1
-8836 -1
10939 1
1174 1
6304 1
5708 1
-24125 -4
25423 1
-25423 -1
11716 1
-11716 -1
11665 1
-11665 -1
50603 1
-50603 -1
64076 1
-64076 -1
23323 1
-23323 -1
19016 1
-19016 -1
5515 1
-5515 -1
76355 1
56174 1
5553 1
-138082 -3
90661 1
-90661 -1
90723 1
-90723 -1
573962 1
-573962 -1
347825 1
-347825 -1
32349 1
-32349 -1
18768 1
-18768 -1
7783 1
-7783 -1
4298393 1
-4298393 -1
54969 1
-54969 -1
56568 1
5308 1
28459 1
7294 1
7374 1
59632 1
-164635 -6
12691 1
-12691 -1
39884 1
7233 1
7298 1
6620 1
4648 1
9669 1
5250 1
-80602 -7
23186 1
-23186 -1
22442 1
-22442 -1
1273356 1
-1273356 -1
89176 1
-89176 -1
4622 1
4735 1
17517 1
5215 1
-32089 -4
16304 1
-16304 -1
18878 1
-18878 -1
58752 1
-58752 -1
4690 1
4859 1
-9549 -2
58943 1
-58943 -1
17815 1
-17815 -1
6562 1
-6562 -1
10259 1
-10259 -1
2369 1
-2369 -1
23112 1
-23112 -1
33644 1
-33644 -1
3113 1
-3113 -1
12425 1
115445 1
21051 1
21083 1
5008 1
66914 1
240853 1
-482779 -7
334256 1
-334256 -1
4922 1
-4922 -1
9655 1
-9655 -1
75400 1
-75400 -1
45653 1
-45653 -1
2744 1
-2744 -1
42075 1
-42075 -1
54604 1
-54604 -1
347913 1
-347913 -1
32583 1
-32583 -1
7981 1
-7981 -1
7468 1
-7468 -1
11274 1
56229 1
-67503 -2
16937 1
-16937 -1
24236 1
-24236 -1
4985 1
-4985 -1
47650 1
-47650 -1
89374 1
-89374 -1
39874 1
-39874 -1
2802 1
-2802 -1
15369 1
-15369 -1
21080 1
56333 1
5829 1
-83242 -3
1518 1
7290 1
8059 1
8069 1
8065 1
8207 1
7499 1
7506 1
5448 1
-61661 -9
72152 1
-72152 -1
2424 1
-2424 -1
39872 1
-39872 -1
4872 1
-4872 -1
8357 1
-8357 -1
21048 1
-21048 -1
35878 1
-35878 -1
10333 1
-10333 -1
57298 1
-57298 -1
4889 1
-4889 -1
7529 1
-7529 -1
2998 1
-2998 -1
39854 1
-39854 -1
65633 1
15268 1
15764 1
-96665 -3
88859 1
-88859 -1
55493 1
-55493 -1
27511 1
-27511 -1
2667 1
-2667 -1
39812 1
39990 1
-79802 -2
3768 1
-3768 -1
52011 1
-52011 -1
492780 1
16377 1
21054 1
7316 1
5835 1
3300 1
11855 1
3389 1
-561906 -8
8202 1
-8202 -1
708486 1
-708486 -1
9304 1
-9304 -1
39795 1
39985 1
39888 1
-119668 -3
6971 1
-6971 -1
15294 1
-15294 -1
38945 1
-38945 -1
2361 1
-2361 -1
2392 1
21045 1
21064 1
347916 1
3213 1
240460 1
10139 1
-646229 -7
12383 1
-12383 -1
53726 1
-53726 -1
7315 1
-7315 -1
6506 1
-6506 -1
6385 1
-6385 -1
6385 1
-6385 -1
16379 1
-16379 -1
6515 1
-6515 -1
6672 1
54487 1
73289 1
-134448 -3
81166 1
-81166 -1
6744 1
-6744 -1
17134 1
-17134 -1
39816 1
39983 1
-79799 -2
6151 1
57511 1
-63662 -2
6153 1
-6153 -1
27501 1
-27501 -1
38810 1
-38810 -1
9085894 1
-9085894 -1
22050 1
-22050 -1
22030 1
54994 1
10616 1
10601 1
-98241 -4
2412 1
-2412 -1
3228 1
-3228 -1
57355 1
-57355 -1
3966 1
-3966 -1
39858 1
-39858 -1
133996 1
-133996 -1
21032 1
8304 1
83453 1
36611 1
9799 1
58579 1
-217778 -6
30081 1
-30081 -1
13309 1
-13309 -1
449683 1
-449683 -1
54581 1
-54581 -1
15317 1
-15317 -1
1298 1
9200 1
55607 1
974 1
20603 1
-87682 -5
100682 1
-100682 -1
393592 1
-393592 -1
36778 1
-36778 -1
25915 1
-25915 -1
9131 1
-9131 -1
39835 1
39899 1
-79734 -2
1925047 1
65603 1
977 1
10849 1
84775 1
-2087251 -5
25860 1
-25860 -1
7529284 1
-7529284 -1
7964 1
-7964 -1
31397 1
-31397 -1
21064 1
56227 1
11914 1
-89205 -3
643257 1
-643257 -1
13709 1
-13709 -1
2126 1
-2126 -1
8816 1
-8816 -1
36557 1
-36557 -1
8357366 1
-8357366 -1
447795 1
-447795 -1
21083 1
-21083 -1
31259 1
-31259 -1
38343 1
-38343 -1
75010 1
-75010 -1
54873 1
-54873 -1
55574 1
3899 1
