262144000S,0C
1953 4
342686 1
-342686 -1
11873 1
-11873 -1
17060 1
-17060 -1
258498 1
-258498 -1
1732592 1
16862 1
1717 1
1717 1
554134 1
-2307022 -5
20807 1
-20807 -1
27835 1
-27835 -1
16775 1
-16775 -1
17046 1
6257 1
117535 1
627 1
12976 1
-154441 -5
8945 1
-8945 -1
748665 1
-748665 -1
188260 1
-188260 -1
13788 1
-13788 -1
9200 1
-9200 -1
18145 1
-18145 -1
20653 1
-20653 -1
31490 1
-31490 -1
73903 1
-73903 -1
497342 1
-497342 -1
9319 1
-9319 -1
73416 1
-73416 -1
21196 1
-21196 -1
2315217 1
1911587 1
2085967 1
-4226804 -2
-2085967 -1
3552653 1
-3552653 -1
23341 1
-23341 -1
225530 1
-225530 -1
20420 1
-20420 -1
28390 1
-28390 -1
21107 1
-21107 -1
309435 1
-309435 -1
55019 1
-55019 -1
14574 1
-14574 -1
4678 1
-4678 -1
1847 1
8194 1
-10041 -2
198654 1
149553 1
-348207 -2
272428 1
10030 1
-282458 -2
3851455 1
-3851455 -1
18819 1
-18819 -1
60901 1
-60901 -1
278092 1
105024 1
-383116 -2
16089 1
-16089 -1
114490 1
-114490 -1
9419 1
-9419 -1
8167 1
-8167 -1
15962 1
-15962 -1
7034 1
-7034 -1
6524 1
839348 1
2393 1
-848265 -3
41748 1
-41748 -1
247347 1
-247347 -1
12186 1
-12186 -1
3699 1
2908 1
-6607 -2
2881 1
-2881 -1
24468 1
-24468 -1
3524470 1
38498 1
6565 1
-3569533 -3
5956 1
-5956 -1
8335 1
-8335 -1
48610 1
-48610 -1
3609 1
-3609 -1
12651 1
-12651 -1
196915 1
-196915 -1
17538 1
-17538 -1
15184 1
5720 1
56710 1
46721 1
-124335 -4
52276 1
-52276 -1
16627 1
-16627 -1
4134838 1
-4134838 -1
46564 1
-46564 -1
273171 1
-273171 -1
19014 1
-19014 -1
5602 1
-5602 -1
15707 1
-15707 -1
170229 1
14500 1
5526 1
-190255 -3
3809 1
-3809 -1
11141 1
-11141 -1
3083 1
4690 1
357359 1
359237 1
27714 1
426354 1
-1178437 -6
3596 1
-3596 -1
36777 1
-36777 -1
4047 1
-4047 -1
9270 1
-9270 -1
366612 1
-366612 -1
19369 1
-19369 -1
42408 1
-42408 -1
22139 1
-22139 -1
4657 1
-4657 -1
9841 1
4720 1
-14561 -2
1034993 1
-1034993 -1
54687 1
-54687 -1
9339 1
-9339 -1
4631 1
-4631 -1
1387 1
12341 1
-13728 -2
4912 1
-4912 -1
4648879 1
-4648879 -1
29105 1
-29105 -1
221794 1
-221794 -1
4904 1
-4904 -1
51797 1
4871 1
-56668 -2
24140 1
-24140 -1
10936 1
-10936 -1
4695 1
-4695 -1
17283 1
-17283 -1
18226 1
-18226 -1
44836 1
-44836 -1
35347 1
-35347 -1
19049 1
-19049 -1
72709 1
-72709 -1
359463 1
9285960 1
8148 1
17492 1
-9671063 -4
4977 1
-4977 -1
207968 1
-207968 -1
94148 1
-94148 -1
57952 1
-57952 -1
15367 1
-15367 -1
316156 1
5785 1
-321941 -2
5407 1
-5407 -1
4694612 1
-4694612 -1
2200 1
38499 1
-40699 -2
5624 1
4914 1
-10538 -2
653687 1
10583 1
-664270 -2
12140 1
-12140 -1
50040 1
-50040 -1
513572 1
-513572 -1
3591 1
-3591 -1
76288 1
-76288 -1
9209 1
-9209 -1
57224 1
12004 1
15219 1
13711 1
-98158 -4
34871 1
80227 1
-115098 -2
361353 1
-361353 -1
15178 1
-15178 -1
224802 1
-224802 -1
16375 1
3394 1
1668 1
10114 1
49575 1
28962 1
-110088 -6
4699 1
-4699 -1
182581 1
-182581 -1
290689 1
-290689 -1
19583 1
-19583 -1
15292 1
-15292 -1
18718 1
10224 1
2781 1
-31723 -3
21734 1
-21734 -1
22981 1
-22981 -1
27440 1
-27440 -1
336851 1
-336851 -1
52237 1
5870 1
-58107 -2
10746 1
-10746 -1
16377 1
-16377 -1
5006 1
-5006 -1
30160 1
-30160 -1
12014 1
22029 1
-34043 -2
4281427 1
-4281427 -1
17935 1
-17935 -1
338332 1
-338332 -1
12772 1
-12772 -1
11527 1
-11527 -1
77556 1
-77556 -1
1131288 1
-1131288 -1
62832 1
-62832 -1
50662 1
-50662 -1
16420 1
-16420 -1
557581 1
-557581 -1
40060 1
-40060 -1
21307 1
-21307 -1
22702 1
-22702 -1
23484 1
-23484 -1
13956 1
-13956 -1
17711 1
-17711 -1
11053 1
-11053 -1
28837 1
-28837 -1
15315 1
-15315 -1
130070 1
51920 1
-181990 -2
245581 1
-245581 -1
55849 1
-55849 -1
19769 1
-19769 -1
8948 1
-8948 -1
47597 1
-47597 -1
22627 1
-22627 -1
6252 1
-6252 -1
4455 1
-4455 -1
22279 1
-22279 -1
126280 1
-126280 -1
21720 1
-21720 -1
6978 1
-6978 -1
16437 1
-16437 -1
2976 1
-2976 -1
15783 1
-15783 -1
22420 1
-22420 -1
359346 1
-359346 -1
26810 1
-26810 -1
3972 1
-3972 -1
231106 1
-231106 -1
82505 1
-82505 -1
9676 1
-9676 -1
17816 1
-17816 -1
17051 1
-17051 -1
12163 1
-12163 -1
26195 1
-26195 -1
48630 1
-48630 -1
8111212 1
